1.4514999999999996
1.6870999999999998
1.7201
1.7344999999999997
1.7512999999999994
1.7623999999999995
1.7629999999999995
1.7677999999999998
1.7695999999999998
1.7677999999999998
1.781
1.7903
1.7858
1.7981
1.796
1.8044
1.7938999999999998
1.7903
1.7885
1.8053000000000003
1.8007999999999997
1.8007999999999997
1.8052999999999997
1.7992999999999997
1.7972
1.8026
1.796
1.8052999999999997
1.8049999999999997
1.8029
1.8076999999999999
1.8058999999999998
1.8097999999999999
1.7980999999999998
1.8046999999999997
1.8073999999999995
1.8109999999999997
1.8061999999999998
1.8007999999999997
1.8073999999999995
1.8043999999999998
1.8166999999999995
1.8043999999999998
1.8073999999999995
1.8074
1.8121999999999998
1.8091999999999997
1.8082999999999996
1.8052999999999997
1.8142999999999996
1.8152
1.8178999999999996
1.8145999999999993
1.8118999999999994
1.8217999999999994
1.8193999999999997
1.8118999999999994
1.8151999999999995
1.8130999999999995
1.8169999999999995
1.8202999999999994
1.8211999999999995
1.8217999999999994
1.8211999999999995
1.8226999999999995
1.8118999999999994
1.8133999999999995
1.8169999999999995
1.8238999999999992
1.8349999999999995
1.8211999999999995
1.8355999999999995
1.8259999999999994
1.8196999999999994
1.8250999999999993
1.8241999999999994
1.8205999999999996
1.8283999999999994
1.8202999999999991
1.8250999999999993
1.8181999999999994
1.8241999999999994
1.8268999999999993
1.8268999999999993
1.8202999999999994
1.8226999999999995
1.8250999999999997
1.8280999999999994
1.8271999999999995
1.8277999999999994
1.8241999999999994
1.8304999999999993
1.8256999999999994
1.8304999999999993
1.8199999999999992
1.8265999999999993
1.8274999999999992
1.8367999999999993
1.8349999999999995
1.8262999999999994
1.8259999999999994
1.8286999999999995
1.8283999999999994
1.8322999999999994
1.8334999999999995
1.8352999999999995
1.8295999999999994
1.8262999999999994
1.8361999999999992
1.8352999999999995
1.8295999999999994
1.8331999999999993
1.8361999999999994
1.8307999999999995
1.8337999999999997
1.8292999999999993
1.8235999999999992
1.8370999999999995
1.8382999999999996
1.8340999999999994
1.8367999999999995
1.8271999999999995
1.8484999999999994
1.8337999999999997
1.8367999999999995
1.8379999999999996
1.8421999999999994
1.8310999999999995
1.8388999999999995
1.8424999999999998
1.8454999999999995
1.8337999999999997
1.8445999999999996
1.8448999999999995
1.8499999999999996
1.8469999999999995
1.8433999999999995
1.8505999999999998
1.8511999999999995
1.8505999999999998
1.8514999999999995
1.8526999999999996
1.8454999999999995
1.8490999999999993
1.8454999999999995
1.8508999999999995
1.8520999999999994
1.8553999999999997
1.8553999999999997
1.8544999999999998
1.8572
1.8521
1.8562999999999996
1.8584
1.8604999999999998
1.8574999999999997
1.8619999999999999
1.8566
1.8629
1.8656
1.8656
1.8608000000000002
1.8563000000000003
1.8604999999999998
1.8625999999999998
1.8601999999999999
1.8658999999999997
1.8595999999999997
1.8671
1.8664999999999998
1.8677
1.8743
1.8640999999999999
1.8773
1.8719
1.8658999999999997
1.8766999999999998
1.8709999999999996
1.8779000000000001
1.8803
1.8857
1.8826999999999998
1.8779000000000001
1.8815
1.8836
1.8893000000000004
1.8920000000000001
1.8935
1.8862999999999999
1.8959000000000001
1.8926000000000003
1.8980000000000001
1.9055000000000002
1.9040000000000004
1.91
1.9121000000000001
1.9235000000000002
1.9181000000000004
1.9115000000000004
1.9175000000000002
1.9184000000000003
1.9235000000000002
1.9277000000000002
1.9147999999999998
1.919
1.9178
1.9133000000000002
1.9235000000000002
1.9148000000000003
1.9193
1.9247
1.9259
1.9298000000000002
1.9207999999999998
1.9256
1.9261999999999997
1.9183999999999997
1.9273999999999998
1.9177999999999997
1.9240999999999997
1.9274
1.9318999999999997
1.9294999999999995
1.9273999999999996
1.9366999999999999
1.9375999999999995
1.9381999999999993
1.9291999999999996
1.9327999999999996
1.9381999999999993
1.9369999999999994
1.9441999999999995
1.9441999999999995
1.9402999999999992
1.9453999999999996
1.9318999999999995
1.9165999999999994
1.9261999999999995
1.9162999999999994
1.9162999999999994
1.9114999999999993
1.909699999999999
1.9120999999999992
1.9162999999999994
1.9141999999999992
1.9117999999999993
1.9093999999999993
1.9045999999999994
1.8994999999999993
1.9045999999999992
1.9000999999999992
1.9087999999999994
1.9060999999999995
1.9108999999999992
1.9135999999999993
1.9033999999999995
1.9069999999999994
1.909399999999999
1.9003999999999994
1.9087999999999994
1.9054999999999995
1.9090999999999994
1.9021999999999994
1.907899999999999
1.9135999999999995
1.9123999999999992
1.9048999999999996
1.9090999999999991
1.9168999999999994
1.9099999999999993
1.9036999999999995
1.9003999999999994
1.9048999999999991
1.9066999999999996
1.9117999999999993
1.9105999999999994
1.9039999999999992
1.9123999999999992
1.9234999999999993
1.9108999999999992
1.9153999999999993
1.9030999999999993
1.9111999999999991
1.9135999999999993
1.9225999999999994
1.9144999999999994
1.9117999999999993
1.9105999999999992
1.9138999999999993
1.9162999999999994
1.9105999999999992
1.9111999999999991
1.9084999999999992
1.9069999999999994
1.9102999999999992
1.9210999999999994
1.9162999999999994
1.9162999999999994
1.9108999999999992
1.9150999999999994
1.9228999999999994
1.9246999999999992
1.9123999999999994
1.9084999999999992
1.9195999999999993
1.9198999999999995
1.9138999999999993
1.9183999999999992
1.9099999999999995
1.909699999999999
1.9003999999999994
1.9057999999999993
1.9117999999999993
1.9180999999999995
1.9045999999999992
1.9102999999999992
1.909399999999999
1.9078999999999993
1.909699999999999
1.9114999999999993
1.9063999999999992
1.9066999999999994
1.9114999999999993
1.9108999999999992
1.9087999999999994
1.9117999999999993
1.9111999999999991
1.9060999999999995
1.9006999999999994
1.9090999999999991
1.9081999999999995
1.9036999999999995
1.9018999999999995
1.9075999999999993
1.9006999999999994
1.9063999999999992
1.9219999999999993
1.9147999999999994
1.9078999999999997
1.9126999999999992
1.9021999999999994
1.9099999999999995
1.9060999999999995
1.9015999999999993
1.9024999999999994
1.9087999999999994
1.9063999999999992
1.9114999999999993
1.9150999999999994
1.9150999999999994
1.9078999999999993
1.9027999999999994
1.9021999999999992
1.9021999999999994
1.8907999999999994
1.8931999999999993
1.8934999999999993
1.9039999999999995
1.9000999999999992
1.8976999999999993
1.8991999999999993
1.9006999999999994
1.9009999999999994
1.8946999999999992
1.893499999999999
1.8907999999999994
1.9027999999999992
1.8961999999999992
1.8928999999999994
1.8829999999999993
1.8877999999999993
1.8847999999999994
1.8922999999999994
1.8859999999999995
1.8958999999999993
1.8883999999999994
1.8841999999999992
1.8856999999999993
1.8883999999999994
1.8970999999999991
1.895299999999999
1.8955999999999995
1.8988999999999994
1.8880999999999994
1.8925999999999994
1.8751999999999995
1.8874999999999995
1.8901999999999994
1.8895999999999993
1.8997999999999993
1.8964999999999994
1.8931999999999993
1.8991999999999993
1.9060999999999995
1.8961999999999992
1.8922999999999994
1.8973999999999993
1.8982999999999992
1.8925999999999994
1.8958999999999993
1.8919999999999992
1.9006999999999994
1.8943999999999994
1.8913999999999993
1.8931999999999993
1.8991999999999993
1.8961999999999992
1.8910999999999996
1.9000999999999992
1.8922999999999994
1.8937999999999995
1.8937999999999995
1.9006999999999994
1.8976999999999993
1.9015999999999993
1.895299999999999
1.8988999999999994
1.8925999999999994
1.9069999999999994
1.9018999999999995
1.8973999999999995
1.8997999999999993
1.8970999999999991
1.8955999999999995
1.8967999999999992
1.8985999999999992
1.8991999999999993
1.894099999999999
1.8949999999999991
1.9018999999999995
1.8943999999999994
1.8967999999999996
1.8946999999999992
1.9000999999999992
1.9003999999999994
1.9042999999999994
1.9048999999999996
1.8922999999999996
1.9129999999999994
1.9075999999999993
1.9009999999999994
1.8991999999999993
1.8988999999999994
1.8991999999999993
1.9048999999999996
1.8994999999999993
1.8985999999999992
1.907899999999999
1.9006999999999994
1.9039999999999992
1.9069999999999994
1.9060999999999995
1.9075999999999993
1.9033999999999995
1.9006999999999994
1.9021999999999994
1.9033999999999995
1.9045999999999992
1.9018999999999995
1.8916999999999995
1.9069999999999994
1.8973999999999993
1.9063999999999992
1.8988999999999994
1.9120999999999992
1.9036999999999995
1.9018999999999995
1.9072999999999993
1.9039999999999995
1.9090999999999991
1.9153999999999993
1.9132999999999993
1.9042999999999994
1.903399999999999
1.9120999999999992
1.9024999999999994
1.9024999999999994
1.9102999999999992
1.9108999999999992
1.8985999999999992
1.909699999999999
1.9129999999999996
1.9069999999999994
1.9051999999999996
1.9150999999999994
1.9081999999999995
1.9075999999999993
1.9051999999999993
1.9114999999999993
1.9096999999999995
1.9063999999999992
1.9063999999999992
1.9105999999999994
1.9243999999999994
1.9186999999999994
1.9210999999999996
1.9117999999999995
1.8922999999999994
1.9171999999999993
1.9126999999999992
1.9102999999999992
1.9183999999999992
1.9171999999999991
1.9312999999999994
1.9171999999999993
1.9288999999999994
1.9327999999999992
1.9336999999999995
1.9321999999999995
1.9336999999999995
1.9324999999999994
1.9339999999999993
1.9333999999999991
1.9348999999999996
1.9429999999999996
1.9426999999999992
1.9405999999999994
1.9339999999999993
1.9321999999999995
1.9336999999999995
1.9177999999999995
1.9300999999999993
1.9375999999999993
1.9399999999999995
1.9375999999999993
1.9399999999999995
1.9318999999999995
1.9261999999999995
1.9252999999999991
1.9165999999999994
1.9288999999999994
1.937899999999999
1.9207999999999992
1.9162999999999994
1.9165999999999992
1.9225999999999994
1.9162999999999994
1.9363999999999992
1.9399999999999995
1.9348999999999992
1.9402999999999992
1.9402999999999995
1.9405999999999994
1.9441999999999995
1.9456999999999993
1.9471999999999992
1.9468999999999994
1.9414999999999996
1.9402999999999992
1.9435999999999993
1.9399999999999995
1.9378999999999993
1.9399999999999995
1.9465999999999992
1.9438999999999993
1.9432999999999996
1.9435999999999996
1.9471999999999996
1.9417999999999995
1.9477999999999995
1.9483999999999997
1.9483999999999997
1.9429999999999996
1.9471999999999996
1.9456999999999995
1.9504999999999995
1.9459999999999997
1.9468999999999996
1.9489999999999998
1.9486999999999997
1.9486999999999997
1.9450999999999996
1.9426999999999994
1.9405999999999994
1.9426999999999994
1.9447999999999996
1.9489999999999998
1.9462999999999997
1.9474999999999998
1.9561999999999997
1.9528999999999999
1.9477999999999998
1.9510999999999998
1.9450999999999998
1.9573999999999998
1.9510999999999998
1.9495999999999998
1.9513999999999998
1.9462999999999997
1.9450999999999996
1.9465999999999997
1.9468999999999996
1.9462999999999997
1.9391
1.9483999999999997
1.9462999999999997
1.9439
1.9480999999999997
1.9462999999999997
1.9457
1.9456999999999995
1.9510999999999998
1.9424000000000001
1.9531999999999998
1.9477999999999998
1.9402999999999997
1.9424
1.9439
1.9498999999999997
1.9450999999999998
1.9436000000000002
1.9424000000000001
1.946
1.9453999999999996
1.9480999999999997
1.9471999999999996
1.9450999999999998
1.9378999999999997
1.9406
1.9432999999999998
1.9420999999999997
1.9480999999999997
1.9439
1.9420999999999997
1.9447999999999996
1.9424
1.9382
1.9364
1.9424000000000001
1.9387999999999999
1.9465999999999997
1.9376
1.9315999999999998
1.9445
1.9442000000000002
1.9330999999999998
1.9408999999999998
1.94
1.9396999999999998
1.9420999999999997
1.9376
1.9445
1.9408999999999998
1.9406
1.9420999999999997
1.9418
1.9439
1.9435999999999998
1.9439
1.9432999999999998
1.9406
1.9498999999999997
1.9492999999999998
1.9424000000000001
1.9454000000000002
1.9397
1.9465999999999997
1.9412
1.9342999999999997
1.9382
1.9424000000000001
1.9424000000000001
1.9471999999999996
1.9345999999999999
1.9391
1.9258999999999997
1.9465999999999997
1.9450999999999998
1.9463
1.9436000000000002
1.9387999999999999
1.9402999999999997
1.9436000000000002
1.9442000000000002
1.9238
1.9348999999999998
1.9351999999999998
1.9366999999999999
1.9402999999999997
1.9228999999999996
1.9238
1.9181
1.9301
1.9331
1.9325
1.9379
1.9327999999999996
1.9351999999999998
1.9337
1.9349
1.9351999999999998
1.9270999999999998
1.9351999999999998
1.9315999999999998
1.9345999999999999
1.9351999999999998
1.9270999999999998
1.9345999999999999
1.9309999999999996
1.9376
1.9364
1.9424000000000001
1.9564999999999997
1.9544
1.9634
1.9628
1.9586
1.9598
1.9513999999999998
1.9472
1.9469
1.9465999999999999
1.9436000000000002
1.9442000000000002
1.9402999999999997
1.9382
1.9376
1.9396999999999998
1.9331
1.9427
1.943
1.9369999999999998
1.9396999999999998
1.94
1.9415
1.9415
1.9391
1.9391
1.9414999999999998
1.9354999999999998
1.9426999999999999
1.9391
1.9345999999999999
1.9421000000000002
1.9414999999999998
1.9406
1.9394
1.9357999999999997
1.9435999999999998
1.9420999999999997
1.9376
1.9426999999999999
1.9408999999999998
1.9424000000000001
1.9432999999999998
1.9439
1.9391
1.9436000000000002
1.9379
1.9372999999999998
1.943
1.9442000000000002
1.9387999999999999
1.9409
1.9418
1.943
1.9406
1.9366999999999999
1.9432999999999998
1.9394
1.9432999999999998
1.9424000000000001
1.9391
1.9408999999999998
1.9445000000000001
1.9397
1.9406
1.9394
1.9415
1.9426999999999999
1.9406
1.9421000000000002
1.9328
1.9415
1.9445
1.9439
1.9376
1.9454000000000002
1.9424000000000001
1.9436000000000002
1.9424000000000001
1.9424000000000001
1.9427
1.9391
1.9409
1.943
1.9424000000000001
1.9418
1.9439
1.9409
1.9409
1.9414999999999998
1.9424000000000001
1.9394
1.9390999999999996
1.9409
1.9445
1.9420999999999997
1.9436000000000002
1.9432999999999998
1.9418
1.9432999999999998
1.9432999999999998
1.9442000000000002
1.9415
1.9421000000000002
1.9442000000000002
1.9439
1.943
1.9427
1.9432999999999998
1.94
1.9442000000000002
1.9463
1.9432999999999998
1.9448
1.9445
1.9436000000000002
1.9442000000000002
1.9412
1.9432999999999998
1.9424000000000001
1.9418
1.9412
1.9432999999999998
1.9454000000000002
1.9426999999999999
1.9436000000000002
1.9442000000000002
1.9424000000000001
1.9432999999999998
1.9420999999999997
1.9424000000000001
1.9436000000000002
1.9414999999999998
1.9436000000000002
1.9420999999999997
1.9426999999999999
1.9442000000000002
1.943
1.9432999999999998
1.9406
1.9436000000000002
1.9418
1.9412
1.9454
1.9421000000000002
1.9426999999999999
1.9424000000000001
1.9432999999999998
1.9424000000000001
1.9382
1.9412
1.9379
1.9460000000000002
1.9412
1.9424000000000001
1.9421000000000002
1.9426999999999999
1.9426999999999999
1.9454
1.9412
1.9433
1.9432999999999998
1.9412
1.943
1.9463
1.9448
1.9394
1.9457
1.9442000000000002
1.9409
1.9436000000000002
1.9412
1.943
1.9387999999999999
1.9403
1.9436000000000002
1.9418
1.9397
1.9418
1.9442000000000002
1.9420999999999997
1.943
1.9426999999999999
1.9418
1.9382
1.9445
1.943
1.9432999999999998
1.9442000000000002
1.9439
1.943
1.9445
1.9426999999999999
1.9432999999999998
1.943
1.9436000000000002
1.9426999999999999
1.9445
1.9432999999999998
1.9418
1.9445
1.9418
1.943
1.9406
1.9426999999999999
1.9477999999999998
1.9475
1.9382
1.9436000000000002
1.9412
1.9442000000000002
1.9432999999999998
1.9424000000000001
1.9397
1.9427
1.9436000000000002
1.9483999999999997
1.9451000000000003
1.9448
1.9465999999999999
1.9481
1.9472000000000003
1.9466000000000003
1.9457
1.9481
1.9463
1.9528999999999999
1.9463
1.9481
1.9445
1.9501999999999997
1.9466000000000003
1.9510999999999998
1.9487
1.9477999999999998
1.9418
1.9460000000000002
1.943
1.946
1.9472000000000003
1.9445
1.9489999999999998
1.9493
1.9498999999999997
1.9465999999999999
1.9501999999999997
1.9472
1.9523
1.9481
1.9460000000000002
1.9516999999999998
1.9510999999999998
1.9489999999999998
1.9501999999999997
1.9499000000000002
1.9516999999999998
1.9487
1.9528999999999999
1.9498999999999997
1.9513999999999998
1.9526
1.9477999999999998
1.952
1.952
1.9523
1.9445
1.9472
1.9457
1.9513999999999998
1.9523
1.9493
1.9489999999999998
1.9513999999999998
1.9501999999999997
1.9538
1.9475
1.9495999999999998
1.9489999999999998
1.9465999999999999
1.9469
1.9492999999999998
1.9489999999999998
1.952
1.9483999999999997
1.9469
1.9450999999999998
1.9477999999999998
1.9475
1.9463
1.9424000000000001
1.946
1.9450999999999998
1.943
1.9481
1.9432999999999998
1.943
1.9414999999999998
1.9445000000000001
1.9447999999999999
1.9420999999999997
1.9442000000000002
1.9442000000000002
1.9432999999999998
1.9448
1.9481
1.9424000000000001
1.9439000000000002
1.9426999999999999
1.9442000000000002
1.9433
1.9472000000000003
1.9471999999999996
1.9420999999999997
1.9442000000000002
1.9450999999999998
1.9445
1.9427
1.9379
1.9436000000000002
1.9481
1.9475
1.9457
1.9433
1.952
1.9385
1.9364
1.9322
1.9570999999999998
1.9606999999999997
1.9591999999999998
1.9579999999999997
1.9541
1.9415
1.9603999999999997
1.9570999999999998
1.9523
1.9505
1.9568
1.9274
1.9583
1.952
1.9439
1.9574
1.9436000000000002
1.9376
1.9576999999999998
1.9613
1.9633999999999998
1.9477999999999998
1.9559
1.9646
1.9570999999999998
1.9576999999999998
1.9676
1.9424000000000001
1.9583
1.9205
1.8737000000000001
1.9633999999999998
1.9415
1.9648999999999999
1.9639999999999997
1.9616
1.9597999999999995
1.9628
1.9436000000000002
1.9025
1.9694
1.9694
1.9387999999999999
1.9754000000000003
1.9795999999999998
1.9748
1.9745000000000001
1.985
1.9877
1.9883000000000002
1.9880000000000002
1.9868000000000001
1.9889000000000001
1.9768999999999999
1.9661000000000002
1.9657999999999998
1.9831999999999999
1.973
1.9883000000000002
1.9789999999999999
1.985
1.9868000000000001
1.9264999999999999
1.9813999999999998
1.9679
1.9750999999999999
1.9844
1.9781
1.9496
1.9742000000000002
1.9727
1.9856
1.9783999999999997
1.9217000000000002
1.9334
1.9823
1.9733
1.9865000000000002
1.9766
1.8755000000000002
1.964
1.9808
1.9898000000000002
1.9487
1.9801999999999997
1.9894999999999998
1.9957999999999998
1.9778
2.0
2.0
2.0
1.964
1.8493000000000002
1.9109
1.8779000000000001
1.8956
1.9544
1.9745
1.8851
1.8925999999999998
1.8988999999999998
1.9187
1.9124
1.9126999999999998
1.9169
1.9142
1.9154
1.9178
1.9172
1.9223000000000001
1.9169
1.9165999999999999
1.91
1.9235000000000002
1.9187
1.9165999999999999
1.9243999999999999
1.9220000000000002
1.9094
1.928
1.9247000000000003
1.9172
1.9291999999999998
1.9199000000000002
1.9276999999999997
1.9247
1.9082
1.8962
1.8917000000000002
1.8995
1.9058000000000002
1.9169
1.9207999999999998
1.9226
1.9349
1.9394
1.9409
1.9355000000000002
1.9523000000000001
1.9414999999999998
1.9505000000000001
1.9445
1.9424000000000001
1.9238000000000002
1.9496
1.9526
1.9577
1.9507999999999999
1.9523
1.9505000000000001
1.9622000000000002
1.9594999999999998
1.9565000000000001
1.9517000000000002
1.9661
1.9736000000000002
1.949
1.9523
1.9691
1.9661
1.9636999999999998
1.9306999999999999
1.9634
1.9493
1.9553
1.9481
1.9450999999999998
1.9682
1.9622
1.9628
1.9529000000000003
1.9565000000000001
1.9601
1.9475
1.9643000000000002
1.9697
1.9661000000000002
1.9418
1.9609999999999999
1.9475
1.9643000000000002
1.9609999999999999
1.9396999999999998
1.9625
1.9511
1.9679
1.9628
1.9679
1.9535000000000002
1.9507999999999999
1.9643000000000002
1.9667
1.9613
1.9526
1.9493
1.9211
1.94
1.9499000000000002
1.9616
1.9568
1.9610000000000003
1.9646
1.955
1.9639999999999997
1.9409
1.9511
1.9643000000000002
1.9625
1.9394
1.9306999999999999
1.9538
1.9450999999999998
1.9322
1.9511
1.9538
1.9325
1.9556
1.946
1.9499000000000002
1.9616
1.9276999999999997
1.9376
1.9682
1.9546999999999999
1.9682
1.9502000000000002
1.9646
1.9526
1.9591999999999998
1.9531999999999998
1.9432999999999998
1.9639999999999997
1.9664
1.9669999999999999
1.9598000000000002
1.9511
1.9435999999999998
1.9409
1.9642999999999997
1.9094
1.9616
1.9397000000000002
1.9631
1.9544
1.9526
1.9657999999999998
1.9654999999999998
1.9586000000000001
1.9634
1.9594999999999998
1.9154
1.9657999999999998
1.955
1.9639999999999997
1.9327999999999996
1.9510999999999998
1.9385
1.9364
1.9669999999999999
1.9631
1.9622
1.9613
1.9435999999999998
1.9592
1.9625
1.9634
1.9397
1.9604000000000001
1.9589
1.9654999999999998
1.9499000000000002
1.9528999999999999
1.9568
1.9651999999999998
1.9457
1.9574
1.9685
1.9657999999999998
1.9394
1.9651999999999998
1.9409
1.9718
1.9664
1.9631
1.9502000000000002
1.9406
1.9622
1.9541
1.9357999999999997
1.9328
1.9558999999999997
1.9447999999999999
1.9625
1.9513999999999998
1.9616
1.952
1.9528999999999999
1.9538
1.9574
1.9367
1.9622
1.9639999999999997
1.9499000000000002
1.9667
1.9091
1.9613
1.9538
1.9424000000000001
1.9513999999999998
1.9544
1.9622
1.952
1.9463
1.9583
1.9637
1.9546999999999999
1.9505000000000001
1.9598000000000002
1.9477999999999998
1.9507999999999999
1.9622
1.9622
1.9691
1.9343000000000001
1.9568
1.9580000000000002
1.9679
1.9586000000000001
1.9598000000000002
1.9510999999999998
1.9364
1.9574
1.9609999999999999
1.9091000000000002
1.9588999999999999
1.9517000000000002
1.9654999999999998
1.9616
1.9625
1.9526
1.9526
1.9472
1.9562
1.9523
1.9667
1.9553
1.9370000000000003
1.9544
1.943
1.9295
1.9553
1.8911000000000002
1.9112
1.9157
1.9450999999999998
1.9340000000000002
1.9609999999999999
1.9606999999999999
1.9463
1.9625
1.9556
1.9469
1.9604000000000001
1.9553
1.9619
1.9465999999999999
1.9594999999999998
1.9493
1.9648999999999999
1.9088
1.9292000000000002
1.9439
1.9651999999999998
1.9187
1.9220000000000002
1.9568
1.9609999999999999
1.9283
1.9084999999999996
1.9649
1.9598
1.9613
1.9604
1.9526
1.9619
1.9613
1.9613
1.9622
1.9465999999999999
1.9475
1.9588999999999999
1.9154
1.9616
1.9598
1.9232000000000002
1.8839
1.9606999999999999
1.9606999999999999
1.964
1.9526
1.9562
1.9531999999999998
1.9667
1.9657999999999998
1.9619
1.9559
1.9577
1.9651999999999998
1.9505000000000001
1.9676
1.9577
1.9586000000000001
1.9664
1.9625
1.9408999999999998
1.9622
1.9604
1.9397000000000002
1.9606999999999999
1.9424000000000001
1.9523
1.9225999999999999
1.9424000000000001
1.9481
1.9574
1.9639999999999997
1.9622
1.9544
1.9124
1.9591999999999998
1.9709
1.9682
1.9337
1.9669999999999999
1.9709
1.9283
1.9546999999999999
1.9358000000000002
1.9676
1.9541
1.9502000000000002
1.9588999999999999
1.9478
1.9232
1.9465999999999999
1.8959000000000001
1.9499000000000002
1.9687999999999999
1.9513999999999998
1.9657999999999998
1.952
1.9606999999999999
1.9588999999999999
1.9568
1.9697
1.9499000000000002
1.9508
1.9591999999999998
1.9562
1.9526
1.9565000000000001
1.9622
1.9544
1.9646
1.9631
1.9475
1.9634
1.9651999999999998
1.9424000000000001
1.9412
1.9475
1.9457
1.9583
1.928
1.97
1.9546999999999999
1.9609999999999999
1.9634
1.9568
1.9574
1.9316
1.9361000000000002
1.9267999999999998
1.9609999999999999
1.9591999999999998
1.9631
1.9243999999999999
1.9639999999999997
1.9622
1.9507999999999999
1.9397000000000002
1.9637
1.9450999999999998
1.9507999999999999
1.9616
1.9541
1.9028
1.9601
1.9592
1.9196
1.9507999999999999
1.97
1.9679
1.955
1.9609999999999999
1.9583
1.9429999999999998
1.9649
1.9238
1.9535
1.9385
1.9408999999999998
1.9633999999999998
1.9523
1.9243999999999999
1.9535
1.9424000000000001
1.9505000000000001
1.9189999999999998
1.9562
1.9619
1.9649
1.9385
1.9643000000000002
1.8956
1.952
1.9703
1.9510999999999998
1.9240999999999997
1.9505
1.9577
1.9163
1.9037
1.9264999999999999
1.8923
1.955
1.9481
1.9376000000000002
1.9457
1.9613
1.9432999999999998
1.9499000000000002
1.9484000000000001
1.913
1.9442
1.9355000000000002
1.9264999999999999
1.9355000000000002
1.9333999999999998
1.9538
1.9544
1.9606999999999999
1.9082000000000001
1.9538
1.9556
1.9379000000000002
1.9643000000000002
1.9637
1.9655
1.925
1.9649
1.9562
1.9657999999999998
1.9367
1.9559
1.9523000000000001
1.9682
1.9243999999999999
1.9529000000000003
1.9541
1.9667000000000001
1.9654999999999998
1.9181
1.9535
1.9195999999999998
1.9163
1.9709
1.9154
1.955
1.9616
1.9594999999999998
1.9616000000000002
1.9403
1.9631
1.9355000000000002
1.9574
1.9646
1.9583
1.9609999999999999
1.9631
1.9214000000000002
1.9541
1.8980000000000001
1.9439
1.9679
1.9643000000000002
1.9604
1.9412
1.9505000000000001
1.9442000000000002
1.9499000000000002
1.9436000000000002
1.9772000000000003
1.9592
1.9586
1.9664
1.9669999999999999
1.9499000000000002
1.9120999999999997
1.9358000000000002
1.9679
1.9564999999999997
1.9586000000000001
1.9313
1.9367
1.9667
1.9691
1.9454
1.9634
1.9579999999999997
1.9241000000000001
1.943
1.9528999999999999
1.9664
1.9669999999999999
1.9651999999999998
1.9505000000000001
1.9586000000000001
1.9706000000000001
1.9646
1.9559
1.9148000000000003
1.9628
1.9609999999999999
1.952
1.9633999999999998
1.9487
1.9418
1.9648999999999999
1.9687999999999999
1.9664
1.9619
1.9639999999999997
1.9391
1.9264999999999999
1.9285999999999999
1.9694
1.9648999999999999
1.9628
1.9568
1.9114999999999998
1.9706000000000001
1.9772
1.9559
1.8938
1.9712
1.9169
1.9076
1.9556
1.9568
1.9408999999999998
1.9588999999999999
1.9574
1.9367
1.9436000000000002
1.9622
1.9712
1.9606999999999999
1.9361000000000002
1.9526
1.9055000000000002
1.9084999999999996
1.9568
1.9642999999999997
1.9121000000000001
1.9507999999999999
1.9574
1.8953
1.9397
1.9628
1.9544
1.9594999999999998
1.9586000000000001
1.946
1.9676
1.9565000000000001
1.9469
1.9669999999999999
1.9445
1.9594999999999998
1.9214000000000002
1.949
1.9616
1.9676
1.9619
1.9046
1.8947000000000003
1.9588999999999999
1.9706000000000001
1.9643000000000002
1.9528999999999999
1.9667
1.9022
1.9576999999999998
1.949
1.9420999999999997
1.9601
1.9637
1.9112
1.9709
1.925
1.9622000000000002
1.9499000000000002
1.9286
1.9757
1.9601
1.9556
1.9106
1.9661
1.9721000000000002
1.8964999999999999
1.9616
1.9606999999999999
1.9559
1.9616
1.9283
1.9613
1.8902
1.9687999999999999
1.9507999999999999
1.9418
1.9112
1.9535
1.9223
1.9187
1.9649
1.9369999999999998
1.8973999999999998
1.9402999999999997
1.9238
1.9568
1.9367
1.9609999999999999
1.9553
1.859
1.9637
1.8847999999999998
1.9345999999999999
1.9283
1.9601
1.9367
1.9325
1.9313
1.9013
1.8764
1.9408999999999998
1.9598
1.9613
1.8947
1.9628
1.9291999999999998
1.9049
1.9778
1.9499000000000002
1.9510999999999998
1.9472
1.9594999999999998
1.9588999999999999
1.9306999999999999
1.9325
1.9469
1.9571
1.9682
1.9753999999999998
1.9424000000000001
1.9414999999999998
1.9538
1.9634
1.9484000000000001
1.9649
1.9469
1.9361000000000002
1.9676
1.9606999999999999
1.964
1.9139
1.8677
1.9724000000000002
1.9511
1.9604
1.9604
1.9676
1.9639999999999997
1.9406
1.9556
1.9445
1.9223
1.9285999999999999
1.913
1.9556
1.8988999999999998
1.9651999999999998
1.9082
1.8749
1.9205
1.9426999999999999
1.8976999999999997
1.9349
1.9639999999999997
1.8839
1.964
1.9424
1.9631
1.9594999999999998
1.9457
1.9397
1.8794
1.9397
1.9331
1.9679
1.9196
1.9291999999999998
1.9345999999999999
1.9628
1.9715
1.9649
1.8784999999999998
1.9619
1.9439
1.9598000000000002
1.9369999999999998
1.973
1.8944
1.9526
1.9637
1.9220000000000002
1.8722
1.8844999999999998
1.9651999999999998
1.9013
1.9544
1.895
1.9457
1.9055000000000002
1.9526
1.8872
1.8902
1.9661000000000002
1.9541
1.9606999999999999
1.928
1.8884
1.9601
1.9646
1.9447999999999999
1.8935
1.9687999999999999
1.8779000000000001
1.8940999999999997
1.8847999999999998
1.8893
1.9535
1.9352
1.9037
1.919
1.9664
1.9157
1.8707
1.9580000000000002
1.9546999999999999
1.8779
1.9373000000000002
1.8544999999999998
1.9049
1.9583
1.9418
1.9481
1.9205
1.9346
1.8572
1.9538
1.8820999999999999
1.9544
1.955
1.9129999999999998
1.8557
1.9205
1.8875
1.8725
1.9028
1.8944
1.9001
1.94
1.8533000000000002
1.8632
1.8925999999999998
1.8617000000000001
1.9406
1.973
1.9487
1.8599
1.8716000000000002
1.9429999999999998
1.9766000000000004
1.8932
1.976
1.91
1.9727000000000001
1.9150999999999998
1.8767000000000003
1.9061000000000001
1.9064
1.9588999999999999
1.9750999999999999
1.9037
1.8964999999999999
1.8662
1.9037
1.9262000000000001
1.9114999999999998
1.8595999999999997
1.9598
1.9256
1.9058000000000002
1.871
1.8947000000000003
1.9088
1.9369999999999998
1.8692000000000002
1.9076
1.9469
1.9016
1.9144999999999999
1.8857
1.9276999999999997
1.9568
1.9229000000000003
1.9487
1.8914000000000002
1.9604
1.9450999999999998
1.9447999999999999
1.9415
1.9631
1.9546999999999999
1.9622
1.9577
1.9429999999999998
1.9633999999999998
1.9364
1.9609999999999999
1.9253
1.9412
1.9639999999999997
1.9382
1.9721000000000002
1.9576999999999998
1.9736000000000002
1.9369999999999998
1.9601
1.9886000000000001
1.9922000000000002
1.9445
1.9835
1.9424000000000001
1.8670999999999998
1.9604000000000001
1.9091
1.9445
1.9355000000000002
1.9346
1.9748
1.9067
1.9505000000000001
1.9601
1.9208
1.9076
1.9507999999999999
1.9232
1.9328
1.94
1.9601
1.9742000000000002
1.943
1.9424000000000001
1.9150999999999998
1.9165999999999999
1.9856
1.9409
1.9496
1.9544
1.9531999999999998
1.9394
1.9715
1.9211
1.9478
1.9576999999999998
1.9495999999999998
1.9319
1.9828999999999999
1.982
1.9622
1.9544
1.9697
1.9103
1.9828999999999999
1.9499000000000002
1.8901999999999999
1.9889
1.9580000000000002
1.9526
1.9745
1.9816999999999998
1.8794
1.985
1.9340000000000002
1.8806
1.9667
1.9757
1.9841
1.9750999999999999
1.973
1.9238
1.9379000000000002
1.9847
1.9709
1.9144999999999999
1.9531999999999998
1.9394
1.9091
1.9747999999999999
1.9732999999999998
1.9844
1.9810999999999999
1.8923
1.9306999999999999
1.9838
1.9576999999999998
1.9391000000000003
1.9601
1.9622
1.9813999999999998
1.9211
1.9306999999999999
1.9865000000000002
1.8899000000000001
1.9085000000000003
1.964
1.9472
1.8902
1.9874
1.9856
1.8869
1.9721000000000002
1.9031
1.9748
1.9135999999999997
1.9528999999999999
1.9513999999999998
1.9199000000000002
1.919
1.9676
1.9712
1.9694
1.9651999999999998
1.9577
1.9760000000000002
1.9295
1.9604000000000001
1.9306999999999999
1.9069999999999998
1.9055000000000002
1.9454
1.9259
1.8767000000000003
1.9469
1.9001
2.0
1.8647
1.9394
1.9454
1.9372999999999998
1.9199000000000002
1.8812
1.9031
1.9049
1.9426999999999999
1.9129999999999998
1.943
1.9426999999999999
1.9367
1.8728
1.9475
1.9123999999999999
1.9435999999999998
1.8533000000000002
1.9493
1.9403
1.9172
1.9270999999999998
1.9163
1.9334
1.9337
1.9207999999999998
1.9382000000000001
1.9259
1.9316
1.9345999999999999
1.9447999999999999
1.9412
1.9376
1.9439
1.9469
1.9412
1.8638
1.9199000000000002
1.9439
1.9442
1.9447999999999999
1.943
1.9223000000000001
1.9397
1.9484000000000001
1.9535000000000002
1.955
1.943
1.9394
1.9535
1.9531999999999998
1.9301
1.9252999999999998
1.9442000000000002
1.9510999999999998
1.9291999999999998
1.9577
1.9435999999999998
1.9541
1.9432999999999998
1.9580000000000002
1.9571
1.9460000000000002
1.9507999999999999
1.9628
1.9394
1.9556
1.9355000000000002
1.9436000000000002
1.9394
1.9415
1.9285999999999999
1.9463
1.9319
1.9006999999999998
1.9349
1.9499000000000002
1.9319
1.9496
1.9489999999999998
1.9295
1.9223000000000001
1.9676
1.9613
1.9523000000000001
1.9165999999999999
1.9478
1.929
1.9356
1.9821
2.0780000000000003
2.0855
2.0705
2.099
2.0873000000000004
2.0621000000000005
2.0852000000000004
2.0918
2.0711
2.0906000000000002
2.0495000000000005
2.0693
2.0417
2.0261
2.0192
1.9831
1.8962
1.8468
1.9478000000000002
1.9766000000000004
2.0059000000000005
2.0056000000000003
2.0179
2.0206
2.0115000000000003
2.0104
2.0096000000000003
2.0115000000000003
1.9815000000000003
1.9899000000000004
2.0037000000000003
1.9776000000000002
2.0216000000000003
1.9979000000000002
2.0013
2.003
2.0136000000000003
2.0258000000000003
2.0006000000000004
1.9912999999999998
2.0252
2.0123
1.9938000000000002
2.0020000000000002
2.0063000000000004
2.0213
1.9848000000000001
2.0017
2.0024
1.9959000000000002
2.0225000000000004
2.0037000000000003
1.9958000000000005
2.0054000000000003
2.0227
2.0348
1.9848000000000001
2.0058000000000002
2.0134000000000003
2.003
1.9832000000000005
1.9934000000000003
2.0312
1.9939000000000004
2.0234000000000005
2.0180000000000002
2.0037000000000003
2.0312
1.9754000000000003
2.0197000000000003
2.0060000000000002
2.0269000000000004
2.0059000000000005
2.0146
1.9693
1.9851
2.0127000000000006
1.9910000000000003
1.9985000000000002
1.9901
2.0240000000000005
2.0103000000000004
2.0107000000000004
1.9825
1.9859000000000002
1.9814000000000005
1.9931
2.0234000000000005
2.0213
1.9992
2.0088000000000004
1.9904000000000002
1.9921000000000004
1.9895000000000003
1.9859
1.9827000000000001
2.0033000000000003
2.0010000000000003
2.0252
2.0059000000000005
2.0158000000000005
1.9995000000000003
2.0302000000000002
2.0027000000000004
1.9999
1.975
2.0153000000000003
2.0192
2.0207
1.9844
1.9978000000000002
1.9724000000000004
2.0184
2.0222
2.0162
1.9618
2.0163000000000006
1.9810000000000003
1.9938000000000002
2.0060000000000002
2.0258000000000003
2.0279000000000003
2.0017
2.0285
2.0200000000000005
1.9772000000000003
2.0081
1.9897000000000002
2.0061
1.9667000000000001
1.9909000000000003
2.011
2.0193000000000003
1.9731000000000003
1.9954000000000003
2.0131
1.9616000000000002
1.9897000000000002
2.0258000000000003
2.0051
2.008
2.0135
2.0022
1.9962000000000004
2.027
2.0273000000000003
2.0236
1.9949000000000001
2.0235000000000003
2.0261
2.0354
2.0276000000000005
2.033
2.0288000000000004
1.9830000000000003
2.0139000000000005
2.0318
2.0306
2.0164000000000004
2.0079000000000002
2.0285
2.0195000000000003
2.0324
1.9480000000000002
2.0396000000000005
1.9974
2.0243
1.9932000000000003
2.0288
2.0240000000000005
2.0115000000000003
2.0093
2.0270000000000006
2.0042
2.0231000000000003
1.9963000000000002
1.9985000000000002
1.9841000000000002
2.0318
1.9966000000000002
2.0246000000000004
1.9765000000000004
2.0070000000000006
2.0225000000000004
2.0306
2.0083
2.0315000000000003
2.0111000000000003
2.0228
2.0079000000000002
2.0315000000000003
2.0155000000000003
2.0162
2.0273000000000003
2.0189000000000004
2.0188
2.0159000000000002
1.9965000000000002
2.0318
1.9885000000000002
1.9929000000000001
2.0201000000000002
2.0156000000000005
2.0219000000000005
2.0300000000000002
2.0300000000000002
2.0267
1.9899000000000004
1.9955
2.0210000000000004
2.0216000000000003
2.0300000000000002
2.0168000000000004
2.0228
2.0055
2.0246000000000004
2.0210000000000004
1.9919000000000002
2.0447
2.0177000000000005
2.0216000000000003
2.0168000000000004
2.0095
2.0282
2.036
2.0276
2.0321000000000002
2.0357000000000003
2.0156000000000005
2.0010000000000003
2.0042
2.0378000000000003
1.9936
2.0046000000000004
2.0345
2.0164000000000004
2.0228
2.0147000000000004
2.0258000000000003
2.0297
2.024
2.0168
2.0288000000000004
2.0249000000000006
2.0128000000000004
2.0162
1.9908000000000001
2.0129
2.001
2.0050000000000003
2.0276
2.0312
2.0300000000000002
2.0294000000000003
2.0234000000000005
2.0348
2.0372000000000003
2.0237
2.0462000000000002
2.027
1.9708
2.0369000000000006
2.0192
2.0102
2.0285
2.0055
2.0177000000000005
1.9848000000000001
2.0219000000000005
2.0405
2.0411
2.0159000000000002
2.0228
2.0234000000000005
2.0327
2.0345000000000004
1.9863000000000002
2.0252
2.0387000000000004
2.0249
2.0303000000000004
2.0267
1.9741000000000002
2.0249000000000006
2.0255
2.0159000000000002
2.0282
2.039
2.0114000000000005
2.0141000000000004
2.0134000000000003
2.0278000000000005
2.0095
1.9918
2.0372000000000003
2.0243
2.0213000000000005
2.0378000000000003
2.0375
2.0201000000000002
2.0279000000000003
2.0264
2.0213
2.0258000000000003
2.0123
1.9969000000000003
2.0177000000000005
2.0336000000000003
2.0117000000000003
2.0309000000000004
2.0234000000000005
1.9977000000000005
1.9918
2.0107
2.011
2.0162
2.007
2.0246000000000004
2.0339000000000005
1.9980000000000002
2.0258000000000003
2.0291
2.0285
2.0267
2.0222
2.0168
2.0309000000000004
2.0080000000000005
2.0234000000000005
2.0282
2.0324000000000004
2.0147000000000004
1.9738000000000002
1.9849
2.0188
2.0363
2.0399000000000003
2.0165
2.0210000000000004
2.0249
2.015
2.0294000000000003
2.0206000000000004
2.0168
1.9945000000000004
2.0408
2.0417
2.0285
2.0321000000000002
2.0228
2.0336000000000003
2.039
2.0318000000000005
1.9962
2.0468
2.0534000000000003
2.0144
2.0219000000000005
2.0432
2.0453
2.039
2.0197000000000003
2.0291
2.0423
2.0543
2.0399000000000003
2.0405
2.0594
2.0561000000000003
2.0549
2.0573
2.0522000000000005
2.0396000000000005
2.0188
2.0366000000000004
2.0687
2.0414000000000003
2.0462000000000002
2.051
2.0459000000000005
2.0511
2.0543
2.0582000000000003
2.0516
2.0666
2.0498000000000003
2.0534000000000003
2.0474000000000006
2.0660000000000003
2.0642
2.0405
2.0381
2.0516
2.0387000000000004
2.0507000000000004
2.0678
2.0624000000000002
2.0468
2.0438
2.03
2.0333000000000006
2.0582000000000007
2.0633
2.0639000000000003
2.0669
2.0537
2.0336000000000003
2.0366000000000004
2.0456000000000003
2.0516
2.0573
2.0423
2.0561000000000003
2.0549
2.0690000000000004
2.0438
2.0519000000000003
2.0585000000000004
2.0594
2.0696000000000003
2.0423
2.0621000000000005
2.0570000000000004
2.0507000000000004
2.0477000000000003
2.0534000000000003
2.0540000000000003
2.0432000000000006
2.0600000000000005
2.0405
2.0357000000000003
2.0612
2.039
2.0297
2.0567
2.0180000000000002
2.0516
2.0546
2.0645000000000007
2.0462000000000002
2.0522000000000005
2.0534000000000003
2.0591000000000004
2.0822000000000003
1.9939000000000004
2.0465000000000004
2.0741
2.0486
2.0540000000000003
2.0645000000000002
2.0663
2.0444000000000004
2.0417
2.0591000000000004
2.0633000000000004
2.0345000000000004
2.036
2.0119
2.0237
2.0357000000000003
2.03
2.0651000000000006
2.0591000000000004
2.0699
2.0477000000000003
2.0627000000000004
2.0555000000000003
2.036
2.0357000000000003
2.051
2.0432
2.0474000000000006
2.0316
2.0660000000000003
2.0549
2.0459000000000005
2.0504000000000002
2.0393
2.0570000000000004
2.0570000000000004
2.0498000000000003
2.0534000000000003
2.0453
2.0588
2.0462000000000002
2.0363
2.0708
2.0381000000000005
2.0651
2.0432
2.0498000000000003
2.0618
2.0447
2.0654000000000003
2.0234000000000005
2.0585000000000004
2.0672
2.0528000000000004
2.0681
2.0534000000000003
2.0606
2.0747000000000004
2.0717000000000003
2.0414000000000003
2.0546
2.0453
2.0474
2.048
2.0567
1.9979000000000002
2.0155000000000003
2.0387000000000004
2.0459000000000005
2.0396000000000005
2.0534000000000003
2.0095
2.0203
2.0798
2.0441000000000003
2.036
2.0405
2.0669
2.0342000000000002
1.9954000000000003
2.0444000000000004
2.0354
2.0167
2.0378000000000003
2.0318
2.0411
2.0513000000000003
2.0402000000000005
2.0378000000000003
2.0555000000000003
2.0504000000000002
2.0435000000000003
2.051
2.0266
2.0531
2.0462000000000002
2.0171000000000006
1.9866000000000001
2.0549
2.0606000000000004
2.0384
2.0546
2.0367
1.9970000000000006
2.063
2.0786000000000002
2.0618000000000003
2.0498000000000003
2.0513
2.0489000000000006
2.0362
1.9653
2.0594
2.0393
2.0319
2.0789
2.0627000000000004
2.0300000000000002
2.0492000000000004
2.0309000000000004
2.0465000000000004
2.0678
2.0543
2.0570000000000004
2.0483000000000002
2.0579
2.0669
2.0444000000000004
2.0546
2.0642
2.0603000000000002
2.0681
2.0507
2.0396000000000005
2.0600000000000005
2.0441000000000003
2.0543
2.0636000000000005
2.0498000000000003
2.0435000000000003
2.0570000000000004
2.0414000000000003
2.0597000000000003
2.0465000000000004
2.0642
2.0660000000000003
1.9773000000000003
2.0492000000000004
2.0537
2.0513000000000003
2.0215000000000005
2.0522000000000005
2.0717000000000003
2.0537
2.0588
2.0435000000000003
2.0492000000000004
2.0345
2.0618
2.0118
2.0681
2.0408
2.0651000000000006
2.063
2.0651
2.0657
2.0444000000000004
2.0609
2.0681
2.0528000000000004
2.0699
2.0489000000000006
2.0672
2.0699
2.0495
1.993
2.039
2.0534000000000003
2.0438
2.0588
2.0465000000000004
2.0576000000000003
2.0495000000000005
2.0384
2.0636
2.0408000000000004
2.0618
2.0504000000000002
2.0666
2.0170000000000003
2.0441000000000003
2.0711
2.0759000000000003
2.0504000000000002
2.0699
2.0549
2.0639000000000003
2.063
2.0387000000000004
2.0705
2.0672
2.0522000000000005
2.0717000000000003
2.0267
2.0546
2.0675
2.0603000000000002
2.0513000000000003
2.0597000000000003
2.0552000000000006
2.0579
2.0708
2.0588000000000006
2.0612
2.039
2.0804
2.0552000000000006
2.0720000000000005
2.0474000000000006
2.0468
2.0585000000000004
2.0705
2.0639000000000003
2.0564000000000004
1.9567
2.0666
2.0732000000000004
2.0585000000000004
2.051
2.0654000000000003
2.0792
2.0657
2.0702000000000003
2.063
2.0226
2.0447
2.0573
2.0645000000000002
2.0624000000000002
2.036
2.0639000000000003
2.0387
2.0654000000000003
2.0585000000000004
2.0537
2.0576000000000003
2.0525
2.0597000000000003
2.039
2.0606000000000004
2.0546
2.0441000000000003
2.0600000000000005
2.0414000000000003
2.0495000000000005
2.0495000000000005
2.0057
2.0543
2.0277000000000003
2.0489000000000006
2.0381000000000005
2.0383000000000004
2.0603000000000002
2.0723000000000003
2.0690000000000004
2.0603000000000002
2.0636
2.0588
2.0537
2.0570000000000004
2.0735
2.0334000000000003
2.0519000000000003
2.0639000000000003
2.0098000000000003
2.0561000000000003
2.0519
2.0459000000000005
2.0444000000000004
2.0483000000000002
2.0453
2.0570000000000004
2.0663
2.0429000000000004
2.0371000000000006
2.0615000000000006
2.0660000000000003
2.0270000000000006
2.0477000000000003
2.0573
2.0121
1.9511
2.0534000000000003
2.0528000000000004
2.0597000000000003
2.0423
2.0494000000000003
2.0495000000000005
2.0411
2.0681
2.0648
2.0540000000000003
2.0573
2.0663
2.0678
2.0342000000000002
2.0678
2.0597000000000003
2.0459000000000005
2.0501000000000005
2.0504000000000002
2.0246000000000004
2.0537000000000005
2.0334000000000003
2.0060000000000002
2.0324000000000004
2.039
2.0256
2.0609
2.0345000000000004
2.0570000000000004
2.0549
2.0492000000000004
2.0609
2.0453
2.0420000000000003
2.048
2.0780000000000003
2.0582000000000003
1.9175
2.0576000000000003
2.0471000000000004
2.0525
2.0501000000000005
2.0426
2.0489000000000006
2.039
2.0184
2.0276
2.0531
1.9869000000000003
2.0282
2.0405
2.0411
2.0567
2.0187
2.0573
2.0516
2.0432
2.0315000000000003
2.0408000000000004
2.0284000000000004
2.0283
2.0504000000000002
2.0477000000000003
2.0537
2.0417
2.0468
2.0324
2.0232
2.0297
2.0486
2.0309000000000004
2.0157
2.039
1.9924000000000002
1.9613000000000003
2.0399000000000003
2.0234000000000005
2.0336000000000003
2.0681000000000003
2.0399000000000003
2.0435000000000003
1.9955
2.0314
2.0145
2.0272
2.0197000000000003
2.0344
2.0420000000000003
2.0321000000000002
2.0323
2.0261
2.0447
2.0313000000000003
2.0245000000000006
2.0303000000000004
2.0183000000000004
2.0468
2.0489000000000006
2.0411
2.0309000000000004
2.0309000000000004
2.0369
2.0564
2.036
2.0156
2.0273000000000003
2.0324
2.0411
2.0396000000000005
2.0468
2.0273000000000003
2.0113000000000003
2.0432000000000006
2.0297
2.0261
2.0321000000000002
2.0168
2.0216000000000003
2.0250000000000004
2.0012000000000003
2.0021000000000004
2.0339000000000005
2.0159000000000002
2.0354
2.0483000000000002
2.0028
2.0306
2.0378000000000003
2.0404
2.0228
2.0111000000000003
2.0333
2.0191000000000003
2.0155000000000003
2.0171000000000006
2.0372000000000003
1.9921000000000004
2.0135
2.0285
2.0236000000000005
2.0073000000000003
2.0132000000000003
2.0041
2.0342000000000002
1.9975000000000003
1.9933000000000005
2.0026
1.9845000000000004
1.9935000000000003
2.0260000000000002
2.0047
1.9988
2.008
2.0033000000000003
1.9976000000000003
2.0106
2.0048000000000004
2.0197000000000003
2.0285
2.0094000000000003
2.0237
2.0249000000000006
2.0246000000000004
2.0342000000000002
2.0315000000000003
2.0005
2.0309000000000004
2.0309000000000004
2.0244000000000004
2.0339
2.0318000000000005
1.9971
2.0164000000000004
2.0147000000000004
2.0003
2.0347000000000004
2.0004000000000004
2.0207000000000006
2.0011
2.0001000000000007
2.027
2.0152000000000005
1.9919000000000002
2.0038
2.0228
2.0143
2.0303000000000004
2.0278000000000005
2.0167
2.0219000000000005
1.9957000000000005
2.0095000000000005
2.0225000000000004
1.9888000000000006
2.0213000000000005
2.0257
2.0152000000000005
1.9997000000000003
2.0282
2.0079000000000002
2.0146
1.9845000000000004
1.9965000000000004
2.0101
2.0145000000000004
2.0102
2.0131
2.0047
2.0168
2.0185000000000004
2.0252
1.9570000000000005
2.0243
2.0174000000000003
2.007
1.9946000000000004
1.9973
2.0073000000000003
1.9875000000000003
2.0285
2.0324
1.9890000000000003
2.0019000000000005
1.9925000000000004
2.0279000000000003
2.0159000000000002
1.9961000000000002
1.9982000000000002
1.9944000000000002
1.9746000000000004
2.0198
2.0222
2.0170000000000003
2.0111000000000003
2.013
1.9968000000000001
2.0195000000000003
2.0189000000000004
2.0233000000000003
2.0246000000000004
2.0267
1.9880000000000002
2.0189000000000004
2.0267
2.0264000000000006
2.0132000000000003
2.0237000000000003
2.0010000000000003
2.0234000000000005
2.0228
2.0240000000000005
2.0067000000000004
2.0258000000000003
2.0179
2.0225000000000004
2.0257
2.0281000000000002
2.0303000000000004
2.0103000000000004
1.9939000000000002
2.0246000000000004
2.0151000000000003
1.9758000000000004
1.9863000000000002
1.9989000000000001
2.0152000000000005
2.0243
1.9922000000000002
2.0202000000000004
2.0252000000000003
2.0279000000000003
2.0243
1.9957000000000005
2.0237
2.0324
1.9799000000000004
1.9985000000000002
2.0210000000000004
1.9672000000000003
2.0357000000000003
2.013
2.015
2.0050000000000003
2.0121
1.9991000000000003
2.0159000000000002
2.0
2.0204000000000004
2.0122000000000004
2.0085
2.0192
2.0306
2.0074
1.9749
1.9937000000000002
2.015
1.9736000000000002
1.9677000000000004
2.0165
2.0109000000000004
2.0013
2.0282
1.9902000000000002
1.9935000000000003
2.0354
2.0085
2.0025000000000004
2.0173
2.0103000000000004
2.0297
2.0081
1.9854000000000003
2.027
2.0058000000000002
1.9958000000000005
2.0125
1.9690000000000003
1.9864000000000002
1.9744000000000002
2.0143
2.0033000000000003
2.0096000000000003
1.9980000000000002
1.9990000000000003
1.9589000000000005
2.0306
2.0207000000000006
2.0099
1.9911
2.0037000000000003
2.0306
1.983
2.0228
2.0054000000000003
2.0002000000000004
1.9953000000000003
1.9790000000000003
1.9636000000000002
1.9924000000000002
2.0078000000000005
2.0198
1.9919000000000002
2.0210000000000004
2.0012000000000003
1.9821000000000004
2.0246000000000004
1.9706000000000004
1.9886000000000001
2.0113
2.0023
2.0004000000000004
1.9853000000000003
2.0285
2.0193
2.0149
2.0119000000000002
2.0155000000000003
2.0165
2.0237
2.0147000000000004
1.9912
1.9894000000000003
2.0068
1.9994000000000003
2.0087
2.0306
2.0176000000000003
2.0127
2.0234000000000005
2.0123
2.0135
1.9991000000000003
1.9786000000000001
2.0291
2.0125
2.0234000000000005
2.0099000000000005
2.0028
2.0198
1.9685000000000001
2.0144
2.0177000000000005
2.0152000000000005
2.0135
1.9829
1.9810000000000003
2.0178000000000003
1.9926000000000001
2.0255
1.9967000000000001
1.9858000000000002
2.0146
2.0045
2.0083
2.0315000000000003
2.0012000000000003
2.0264
2.0128000000000004
2.0064000000000006
1.9961000000000002
2.0188
2.0129
2.0049000000000006
1.9902000000000004
2.0224
2.0179
1.9828000000000003
2.0178000000000003
1.9931000000000003
2.0197000000000003
2.0123
1.9958
1.9952000000000003
1.9961000000000002
2.0034000000000005
2.0237
2.0055
2.0108000000000006
1.9974
1.9999
1.9914
1.9893
2.0264000000000006
2.0225000000000004
1.9945
2.0111000000000003
2.0186
2.0118
2.0303000000000004
1.9921000000000004
2.0264000000000006
2.0008000000000004
2.0065000000000004
2.0203
2.0173
2.0122000000000004
2.0228
1.987
1.9678000000000002
2.0224
1.9919
2.0089
1.9705000000000001
1.9907000000000006
2.0288000000000004
2.0071000000000003
2.0034000000000005
2.0159000000000002
2.0285
2.0005
2.0002000000000004
2.0261
2.0155000000000003
2.0071000000000003
1.9992
2.0033000000000003
1.9869000000000003
2.0180000000000002
2.0111000000000003
2.0309000000000004
2.0059000000000005
2.0222
2.0231000000000003
2.0186
2.0159000000000002
2.0092000000000003
1.9948000000000001
2.0176000000000003
2.0269
2.0237000000000003
2.0142
2.0111000000000003
2.003
2.0168
1.9911
2.0180000000000002
1.9811
1.9909000000000003
2.0252
1.9858000000000002
2.0032
2.0405
2.0255
2.0157
2.0159000000000002
2.0231
2.0306
2.0016000000000003
2.0333000000000006
2.0223
2.0044999999999997
2.0015000000000005
2.0281000000000002
2.0191000000000003
1.9993000000000003
2.0082000000000004
2.0378000000000003
2.0198
2.0175
2.0219000000000005
1.9849
1.9978000000000002
2.0210000000000004
2.0094
2.0002
1.9774
1.9904000000000002
1.9935000000000003
2.0068
2.0096000000000003
1.9956000000000003
2.0019000000000005
2.0019
2.0201000000000002
2.0095
1.9992
1.9632000000000005
2.0112000000000005
2.0167
2.0297
2.0049
1.9933000000000005
2.008
1.9993000000000003
2.0255
2.0119000000000002
2.0267
2.0133000000000005
1.9803000000000004
2.0171000000000006
2.0102
2.0107
1.9953000000000003
2.0294000000000003
1.9945000000000004
2.0012
2.0195000000000003
2.0188
2.0223
2.0093
1.9986000000000002
2.0161000000000002
1.9887000000000001
2.0126000000000004
2.0062
2.0217
2.0046000000000004
2.0228
2.0039000000000002
2.0180000000000002
2.0246000000000004
2.0372000000000003
2.0114000000000005
1.9873000000000003
1.9978000000000002
2.0273000000000003
1.9979000000000002
2.019
2.0155000000000003
2.0294000000000003
2.0243
2.0011
2.0231000000000003
2.0471000000000004
2.0128000000000004
1.9953000000000003
2.0029000000000003
2.0210000000000004
1.9927000000000004
2.0221000000000005
2.0115000000000003
2.0186
1.9946000000000004
1.9924000000000002
2.0178000000000003
2.0240000000000005
2.0134000000000003
2.0240000000000005
1.9802000000000002
1.9985000000000002
2.0211
2.0172000000000003
2.0118
2.0183000000000004
2.0282
2.0089000000000006
2.0188
2.0192
2.0106
2.0198
2.0171000000000006
2.0064000000000006
2.0333000000000006
1.9983000000000002
2.0282
1.9822000000000002
2.0285
1.9764000000000004
1.9980000000000002
2.0276
2.0167
2.0208
2.0177000000000005
2.0205
2.0071
1.9928000000000003
1.9805000000000001
2.0294000000000003
2.0006000000000004
2.0252
2.0167
1.9864000000000004
1.9945000000000004
2.0117000000000003
2.0050000000000003
1.9929000000000001
2.0132000000000003
2.0273000000000003
2.0063000000000004
2.0043
2.0336000000000003
2.0204000000000004
2.015
2.0004000000000004
2.0193000000000003
2.0094000000000003
1.9846000000000004
1.9892
2.0052000000000003
2.0186
2.0168
2.0342000000000002
2.0240000000000005
2.0246000000000004
2.0167
2.0137
2.0234000000000005
2.0096000000000003
1.9877000000000005
2.0157000000000007
2.0243
2.0062
2.0213
2.0198
1.9992
2.0192
2.0140000000000002
2.0036
2.0172000000000003
2.0219000000000005
2.0351000000000004
2.0312
2.0084000000000004
1.9920000000000002
1.9960000000000002
2.0159000000000002
2.0144
2.0342000000000002
2.0179
1.9994000000000003
2.0129
1.9728000000000003
2.0000000000000004
2.0013
2.0033000000000003
2.0161000000000002
2.0209
2.0177000000000005
2.0195000000000003
2.0171000000000006
2.0037000000000003
2.0043
2.0177000000000005
2.0204000000000004
2.0169
1.9758000000000004
2.0213
2.0219000000000005
2.0302000000000002
2.0078000000000005
2.0208000000000004
2.0138000000000003
2.0285
2.0119000000000002
1.9921000000000004
2.0079000000000002
1.9857000000000005
2.0229000000000004
1.9958
2.0249
1.9711
1.9680000000000002
1.9776000000000002
2.0040000000000004
2.033
2.015
2.0143
2.0116
1.9922000000000002
2.0246000000000004
1.9988
2.0168000000000004
2.0028
2.0198
2.0168
2.0239000000000003
2.0117000000000003
2.0261
2.0158
2.0129
2.0211
2.0327
2.0129
1.9955
2.0285
2.0210000000000004
2.0231000000000003
1.9848000000000001
2.0051
1.9990000000000003
1.9999
1.9885000000000002
1.9974
1.9974
1.9705000000000001
2.0165
2.0210000000000004
2.0065000000000004
2.0315000000000003
2.0032
1.9978000000000002
2.0267
1.9786000000000001
2.011
1.9886000000000001
2.0210000000000004
2.0246000000000004
2.0079000000000002
2.0228
2.0071000000000003
2.0354
1.9925
2.0201000000000007
2.0210000000000004
1.9974
2.0104
2.0285
2.0027000000000004
2.0236
2.0275000000000003
2.0123
1.9952000000000003
2.0192
1.9871000000000003
2.0139
2.0254000000000003
2.0073000000000003
2.0204000000000004
1.9927000000000004
2.0269000000000004
1.9999
1.9965000000000004
1.9846000000000004
1.9747000000000003
2.0201000000000007
2.0294000000000003
1.9905000000000002
2.0268
2.0339000000000005
2.0037000000000003
2.0099
2.0323
1.9925
2.0107000000000004
2.0076
2.0041
2.0067000000000004
2.0197000000000003
1.9941000000000002
2.015
1.9822000000000002
1.9988000000000001
1.9869000000000003
2.0053
2.0243
2.0170000000000003
1.9838000000000002
2.0178000000000003
2.0251
1.9921000000000004
1.9829
1.9936
2.016
2.0152
2.0198
2.0045
2.0046000000000004
2.0303000000000004
2.0252000000000003
1.9931999999999999
2.0033000000000003
2.0177000000000005
2.0258000000000003
2.0012000000000003
2.0011
2.0085
2.0222
2.0276000000000005
2.0171000000000006
2.0294000000000003
2.0237
2.0195000000000003
1.9866000000000001
2.0216000000000003
2.0231000000000003
1.9976000000000005
1.9888000000000003
1.9992
2.0285
2.0219000000000005
2.0345000000000004
1.9976000000000003
2.0121
2.0176000000000003
2.0243
2.0140000000000002
2.0115000000000003
2.0214000000000003
2.0243
1.9793000000000003
2.0209
2.0123
1.9889000000000001
2.0252000000000003
1.9838000000000002
2.0003
1.9917000000000002
2.0043
2.0194000000000005
2.0121
2.0279000000000003
1.9961000000000002
1.9896
2.0222
2.0025
2.0249
2.0068
2.0303000000000004
2.0201000000000002
1.9722000000000002
1.9877000000000005
2.0097000000000005
2.0225000000000004
2.0062
1.9791000000000003
2.0218000000000003
1.9715000000000003
2.0042000000000004
2.0315000000000003
2.0147000000000004
2.0237000000000003
2.0038
2.0351000000000004
1.9892
2.0213
2.0140000000000002
1.9851
1.9914
2.0071000000000003
2.0234000000000005
2.0148
2.0000000000000004
1.9975000000000003
2.0061
2.0142
2.0249000000000006
1.9948000000000001
2.0237
2.0252000000000003
1.9962
1.9953000000000003
2.0003
1.9970000000000006
2.0170000000000003
2.0291
1.9902000000000004
2.0243
2.0327
2.0115000000000003
2.0342000000000002
2.0034000000000005
1.9968000000000001
2.0300000000000002
2.0161000000000002
1.9902000000000004
2.0210000000000004
2.0148
2.0240000000000005
2.0128000000000004
2.0063000000000004
2.0154
2.0094000000000003
2.0115000000000003
2.0061
2.0133
2.0237000000000003
2.0158000000000005
2.0198
2.0228
2.0116
2.0174000000000003
2.0104
2.0315000000000003
2.0321000000000002
1.9880000000000002
1.9836
2.0213000000000005
2.0126000000000004
2.0285
2.0279000000000003
2.0078000000000005
2.0083
2.0312
2.0013
2.0005
2.0294000000000003
1.9970000000000006
2.0104
2.0169
2.0049
2.0191000000000003
2.0342000000000002
2.0351000000000004
2.0102
1.9886000000000001
1.9846000000000004
2.0285
1.9860000000000002
2.0193
1.9954000000000003
1.9885000000000002
2.0249
2.0342000000000002
1.9990000000000003
2.0210000000000004
1.9964000000000002
2.0118
2.0168
2.0016000000000003
1.9903000000000004
2.0285
2.0068
1.9825000000000004
1.9949000000000001
1.9963000000000006
2.0327
2.0081
2.0345000000000004
2.0043
2.0142
2.0375
2.0155000000000003
2.0135
2.0269000000000004
2.0082000000000004
2.0156
1.9941000000000002
2.0136000000000003
1.9923000000000002
2.033
2.0188
2.027
2.0206000000000004
2.0208
2.0260000000000002
2.0183000000000004
2.027
2.0063000000000004
2.0306
2.0372000000000003
2.0181
2.0023
1.9704000000000002
2.0126000000000004
2.0093
2.0244
1.9880000000000002
2.0118
2.0166000000000004
2.0007
1.9834000000000003
2.0129
2.0161000000000002
2.0079000000000002
2.0062000000000006
2.0026
2.0053
2.0082000000000004
2.0249
1.9889000000000001
2.0225000000000004
2.0090000000000003
1.9982000000000004
2.0071000000000003
1.9921000000000004
2.0216000000000003
2.0060000000000002
2.012
2.0324
2.0267
2.0173
2.0393000000000003
2.0140000000000002
2.0049
2.0261
2.0133
1.9738000000000002
2.0216000000000003
2.0033000000000003
2.0264000000000006
2.0053
2.023
2.0246000000000004
2.0050000000000003
1.9742000000000002
2.0261
2.0198
1.9894000000000003
2.0116
2.0201000000000002
1.9984000000000004
2.0210000000000004
2.0203
2.0004000000000004
2.0219000000000005
1.9938000000000002
2.039
1.9923000000000002
2.0345000000000004
2.0221000000000005
2.0318000000000005
2.0043
2.0244000000000004
2.0252000000000003
1.9995000000000003
2.0061
2.0085
2.0204000000000004
2.0246
1.9847000000000004
2.0116
2.0234000000000005
2.0014000000000003
2.0132
2.0145000000000004
1.9942000000000002
2.0158000000000005
2.0100000000000002
2.0186
2.0169
2.0137000000000005
1.9960000000000002
1.9946000000000004
2.0046000000000004
2.0152000000000005
2.0077000000000003
2.0063
2.0039000000000002
2.012
1.9958000000000005
2.0009
2.0111000000000003
2.0402000000000005
2.027
2.0300000000000002
2.0258000000000003
2.0243
1.9928000000000003
2.0123
2.0204000000000004
2.0204000000000004
1.9821000000000004
2.033
1.9833000000000005
1.9757000000000002
1.9945000000000004
2.0065000000000004
1.9926000000000004
2.0097000000000005
1.9880000000000002
2.0098000000000003
2.016
2.0222
2.0297
2.0103000000000004
2.0239000000000003
2.0273000000000003
2.0138000000000003
2.0134000000000003
2.0048000000000004
2.0092000000000003
2.0155000000000003
2.0138000000000003
2.0122000000000004
1.9992
2.0225
2.0049
2.0267000000000004
2.0126000000000004
2.0342000000000002
2.0171000000000006
1.9869000000000003
1.9828000000000003
1.9960000000000002
1.9903000000000004
2.0276
1.9888000000000006
2.0168
2.0348
2.0282
2.0085
2.0071000000000003
2.0339
2.0054000000000003
2.0291
2.0251
2.0378000000000003
2.0282
1.9897000000000002
2.0104
1.9897000000000002
2.0104
2.0309000000000004
2.0056000000000003
2.0081
2.0249
2.0194000000000005
1.9811000000000005
2.0300000000000002
2.0226
2.0183000000000004
1.9698000000000002
1.9896000000000003
1.9932000000000003
2.0180000000000002
1.9911
2.0139
2.0107000000000004
2.005
2.0297
2.0035000000000003
2.0246000000000004
2.0188
2.0137
1.9835000000000003
2.0159000000000002
2.0166000000000004
1.9971000000000003
1.9980000000000002
2.0107000000000004
2.0315000000000003
2.0255
2.0249
2.015
1.9928000000000003
2.0220000000000002
1.9865000000000004
2.0087
2.0162000000000004
2.0303000000000004
2.0171000000000006
2.0318000000000005
1.9944000000000002
2.0249
2.0116
2.0228
2.0198
1.9959000000000002
2.0216000000000003
2.0306
2.03
2.0141000000000004
2.0222
2.0291
2.0315000000000003
2.0003
1.9748
2.0225000000000004
2.0091
2.0034000000000005
2.03
2.0122000000000004
2.0243
1.9984000000000004
1.9842000000000002
2.0156
2.0047
2.0116
2.0104
1.9956000000000003
2.0147000000000004
2.0050000000000003
2.0051
2.0032
2.0151000000000003
2.0068
2.0183
2.0282
2.012
2.0082000000000004
2.0264
2.027
1.9884000000000004
2.0021000000000004
2.0054000000000003
2.0240000000000005
2.0165
2.0104
1.9991000000000003
2.0147000000000004
1.9986000000000002
2.0147000000000004
2.0012
1.9995000000000005
2.0111000000000003
2.0192
2.0258000000000003
2.015
1.9944000000000002
1.9928000000000003
2.0258000000000003
2.0258000000000003
2.0086
1.9972000000000003
2.0192
2.0354
2.0315000000000003
2.0140000000000002
2.0250000000000004
2.0171000000000006
2.0351000000000004
1.9947000000000004
2.0001
1.9779000000000002
2.0038
2.0213000000000005
2.0237
2.0055
1.9835000000000003
2.0474
2.0131
2.0091
2.0131
2.0225000000000004
1.9920000000000004
2.0143
1.9889000000000001
2.0279000000000003
2.0077000000000003
2.0264000000000006
2.0032
2.0068
2.0109
2.0155000000000003
2.0213
2.0225000000000004
2.0342000000000002
2.0267
2.0162
2.0069000000000004
1.9906000000000004
2.0044000000000004
2.012
2.0261
2.0013
1.9842000000000002
2.0132000000000003
1.9977000000000005
2.0282
2.0063000000000004
1.9916000000000003
1.9909000000000001
2.0252000000000003
2.0102
1.9746000000000001
1.9852000000000003
2.0182
2.0255
2.0
2.0213
2.0279000000000003
2.0131
2.0028
2.033
2.0246000000000004
2.0306
2.0089000000000006
2.0261
2.003
2.0206
1.9854000000000003
2.0140000000000002
2.0193000000000003
2.015
2.0282000000000004
2.0234000000000005
2.0111000000000003
1.9954000000000003
1.9926000000000001
1.9977000000000005
2.0327
2.0109000000000004
2.0240000000000005
1.9912
1.9980000000000002
2.0140000000000002
2.0246000000000004
2.0216000000000003
2.0113000000000003
1.9881
2.0050000000000003
2.0139000000000005
2.0276
2.0188
2.0021000000000004
2.0143
2.0175
2.0180000000000002
2.0176000000000003
2.033
1.9989000000000001
2.0219000000000005
2.0139
2.0261
2.0182
2.0043
2.0020000000000002
2.0045
2.0170000000000003
2.0141000000000004
2.0139000000000005
2.0028
1.9993000000000003
2.0315000000000003
2.0326000000000004
2.0178000000000003
2.0176000000000003
2.0284000000000004
2.0249
2.0285
1.9925000000000004
1.9947000000000004
2.0177000000000005
2.0134000000000003
2.0168
2.011
2.0070000000000006
1.997
2.0085
2.0258000000000003
2.0237
1.9712
2.0213000000000005
2.0068
1.9896
2.0045
1.9567
2.0062
2.0088000000000004
2.0192
1.9907000000000001
2.0056000000000003
2.0303000000000004
2.0228
1.9945000000000002
2.0078000000000005
2.0204000000000004
2.0093000000000005
1.9895000000000005
2.0187
2.0172000000000003
2.0231000000000003
2.0092000000000003
2.0282
2.0219000000000005
2.0321000000000002
1.9938000000000002
2.0234000000000005
1.9960000000000002
2.0264000000000006
2.0315000000000003
1.9968000000000004
2.0048000000000004
2.0063000000000004
1.9848000000000001
1.9844000000000002
2.0195000000000003
2.0204000000000004
1.9876000000000003
2.0019
2.0098000000000003
2.0264000000000006
2.0126000000000004
1.9960000000000002
2.0207000000000006
1.9967000000000001
1.9922000000000002
2.013
2.0209
2.0234000000000005
2.0154
2.0078000000000005
2.0204000000000004
2.0233000000000003
1.9989000000000003
2.0037000000000003
2.0207000000000006
2.0172000000000003
2.0205
2.0132000000000003
2.0060000000000002
2.0015000000000005
2.007
1.9812
1.9949000000000001
2.0345000000000004
2.0103000000000004
2.0201000000000007
1.9963000000000002
2.0279000000000003
2.0189000000000004
