1.9996963628013136
1.9997141067086028
1.999717781445964
1.999721901105656
1.9997233212410312
1.9997225902426126
1.9997251554003836
1.999727346375054
1.9997257724598045
1.9997270691679616
1.9997278221319033
1.999729185605708
1.9997300705219934
1.9997313942739723
1.9997346390748547
1.9997338519539969
1.9997346676512717
1.9997358504781366
1.9997353792782702
1.999739409361181
1.9997390660073224
1.9997403655601256
1.9997430157795375
1.9997465040165856
1.9997467354573615
1.9997507166500827
1.9997585368888589
1.9997949983335903
1.9998613705638875
1.9998613705638875
1.9998613705638875
1.9998613705638875
1.9998613705638875
1.9998613705638875
1.9998613705638875
1.9998613705638875
1.9998613705638875
1.9998613705638875
1.9998613705638875
1.9998613705638875
1.9998613705638875
1.9998613705638875
1.9998613705638875
1.9998613705638875
1.9998613705638875
1.9998613705638875
1.9998613705638875
1.9998613705638875
1.9998613705638875
1.9998613705638875
1.9998613705638875
1.9998613705638875
1.9998613705638875
1.9998613705638875
1.9998613705638875
1.9998613705638875
1.9998613705638875
1.9998613705638875
1.9998613705638875
1.9998613705638875
1.9998613705638875
1.9998613705638875
1.9998613705638875
1.9998613705638875
1.9998613705638875
1.9998613705638875
1.9998613705638875
1.9998613705638875
1.9998613705638875
1.9998613705638875
1.9998613705638875
1.9998613705638875
1.9998613705638875
1.9998613705638875
1.9998613705638875
