1.9997674663909988
1.999802554457147
1.9998165578526692
1.9998274572533155
1.9998385447795581
1.9998458687961418
1.9998520798498054
1.9998545173234021
1.9998598024186516
1.9998628028338725
1.999865580105543
1.9998692860904654
2.0098738383087364
2.0098776959587137
2.0098860522898487
2.0098876741502814
2.0098914796842577
2.0098962274825194
2.0098986602731683
2.009913504046032
2.009922018813302
2.0099376485024485
2.0299425640301085
2.039957089349242
2.2399174592663784
2.949673458613787
2.99965660127955
2.99965660127955
2.99965660127955
2.99965660127955
2.99965660127955
2.99965660127955
2.99965660127955
2.99965660127955
2.99965660127955
2.99965660127955
2.99965660127955
2.99965660127955
2.99965660127955
2.99965660127955
2.99965660127955
2.99965660127955
2.99965660127955
2.99965660127955
2.99965660127955
2.99965660127955
2.99965660127955
2.99965660127955
2.99965660127955
2.99965660127955
2.99965660127955
2.99965660127955
2.99965660127955
2.99965660127955
2.99965660127955
2.99965660127955
2.99965660127955
2.99965660127955
2.99965660127955
2.99965660127955
2.99965660127955
2.99965660127955
2.99965660127955
2.99965660127955
2.99965660127955
2.99965660127955
2.99965660127955
2.99965660127955
2.99965660127955
2.99965660127955
2.99965660127955
2.99965660127955
2.99965660127955
2.99965660127955
2.99965660127955
2.99965660127955
2.99965660127955
2.99965660127955
2.99965660127955